Val_acc_history : [0.2041, 0.1965, 0.1885, 0.1963, 0.1751, 0.1634, 0.1802, 0.6853, 0.6932, 0.7093, 0.737, 0.7398, 0.7599, 0.767, 0.7963, 0.8058, 0.8095, 0.8244, 0.8636, 0.8675, 0.8846, 0.895, 0.9265, 0.9418, 0.9483, 0.956, 0.9861, 0.9922, 0.9825, 0.9697, 1.0]
Val_loss_history : [1.5746853440888366, 1.6122776763746964, 1.6558725587905399, 1.6561707338672473, 1.654004813246586, 1.662991485304822, 1.6920459743018623, 0.716253850635115, 0.7292313504478206, 0.7076605931391244, 0.73349803830691, 0.7197623976927786, 0.6947584742585481, 0.6943471763876423, 0.7183812735084858, 0.6824364088819299, 0.5711035175616441, 0.48370174223083107, 0.40343621656101086, 0.41200639711492826, 0.3162494062338598, 0.2814249908700415, 0.2147028589590941, 0.22975812171537813, 0.13083356040551317, 0.06983780884366986, 0.034266608311251424, 0.0011799385010394766, 0.0007328323972934301, 0.0004254368597152408, 0.0003329550114964756]
Test_acc_history : [0.1909, 0.195, 0.195, 0.1784, 0.1743, 0.1743, 0.1867, 0.7386, 0.7635, 0.7552, 0.7842, 0.7427, 0.751, 0.7469, 0.7303, 0.7552, 0.7676, 0.7842, 0.7759, 0.8008, 0.7884, 0.7842, 0.8008, 0.8174, 0.7884, 0.805, 0.7842, 0.7925, 0.8008, 0.7842, 0.7967]
Test_loss_history : [1.5349956369993598, 1.5767233975200732, 1.6038099205840177, 1.6031406608359942, 1.5903886264785196, 1.597705896464621, 1.605202601658358, 0.6294348751855589, 0.6239445655919704, 0.5780645304077394, 0.5821895684073081, 0.6111851248318229, 0.605019781599401, 0.5895918331638411, 0.6196252587425264, 0.5812996836742425, 0.5126110326452374, 0.48088643730799685, 0.45467150056757866, 0.4520484576952408, 0.4609406092803137, 0.49152004139119165, 0.43840600307296607, 0.44794793154936113, 0.4406248384398791, 0.44120899944168157, 0.4809454152963406, 0.46701254546487725, 0.4829527410751989, 0.5867249078167548, 0.543687819364129]
+---+-----------+--------+-------------+-------+
|   | Precision | Recall | Specificity |   F1  |
+---+-----------+--------+-------------+-------+
| 0 |    0.71   | 0.857  |    0.834    | 0.776 |
| 1 |   0.727   |  0.5   |    0.987    | 0.593 |
| 2 |   0.987   |  1.0   |    0.994    | 0.994 |
| 3 |   0.793   | 0.657  |    0.929    | 0.719 |
+---+-----------+--------+-------------+-------+
375 images were used
Best Accuracy of Dent : 85.71428571428571
Best Accuracy of Other : 50.0
Best Accuracy of Rim : 100.0
Best Accuracy of Scratch : 65.71428571428571
