Val_acc_history : [0.3352, 0.341, 0.3472, 0.3517, 0.3608, 0.3682, 0.3784, 0.6946, 0.7391, 0.7368, 0.7708, 0.7696, 0.7881, 0.8083, 0.8272, 0.8414, 0.8435, 0.8459, 0.875, 0.8996, 0.9103, 0.9087, 0.9265, 0.9259, 0.9253, 0.9686, 0.9931, 0.9922, 0.9825, 0.9697, 1.0]
Val_loss_history : [1.4265595582987038, 1.3916454312888644, 1.3197367170027323, 1.305706823042809, 1.280356403141585, 1.2428219609270947, 1.2233538235630002, 0.6286292764551434, 0.6288728680875566, 0.6047387107235745, 0.6743935455548732, 0.6559455773937024, 0.6003463355308704, 0.5407297556593487, 0.5105166374303308, 0.4770504600371454, 0.2981458831147677, 0.3106809727393598, 0.28258789207955654, 0.25305198346934166, 0.2150629153315965, 0.22464970112289195, 0.25284758070483804, 0.23796104055351366, 0.1476271626748273, 0.028616896465145425, 0.01763902863118953, 0.0022949374889117457, 0.0018161628969736692, 0.0007930729089003771, 0.0006106879525413248]
Test_acc_history : [0.3278, 0.3237, 0.3278, 0.3278, 0.3237, 0.3237, 0.3278, 0.7137, 0.7469, 0.7552, 0.7718, 0.7593, 0.7552, 0.7718, 0.7593, 0.7801, 0.7676, 0.7801, 0.7593, 0.7676, 0.7635, 0.7552, 0.7427, 0.7593, 0.7925, 0.7676, 0.7801, 0.7884, 0.7842, 0.7759, 0.7967]
Test_loss_history : [1.4397765274364425, 1.4045412174398968, 1.3542846099964316, 1.3244535161251845, 1.3173904616803054, 1.2804406797242858, 1.2886435441456394, 0.6306053268958919, 0.6182454465830475, 0.573923126172228, 0.5992332390853479, 0.6021175399360815, 0.5842517600761904, 0.5700686490201852, 0.569072503395595, 0.5511878115198424, 0.47145086072416226, 0.4630266136153605, 0.46209418334654256, 0.4839100354810968, 0.4971298781915324, 0.5424374981910856, 0.5409776794248844, 0.5551944828874342, 0.49873711511925545, 0.5120106784325418, 0.5166023848462401, 0.5083671679789842, 0.528356121087841, 0.6122276363932988, 0.5770306340979096]
+---+-----------+--------+-------------+-------+
|   | Precision | Recall | Specificity |   F1  |
+---+-----------+--------+-------------+-------+
| 0 |   0.722   |  0.74  |    0.865    | 0.731 |
| 1 |   0.429   | 0.375  |    0.964    |  0.4  |
| 2 |    1.0    |  1.0   |     1.0     |  1.0  |
| 3 |   0.743   | 0.743  |    0.894    | 0.743 |
+---+-----------+--------+-------------+-------+
480 images were used
Best Accuracy of Dent : 74.02597402597402
Best Accuracy of Other : 37.5
Best Accuracy of Rim : 100.0
Best Accuracy of Scratch : 74.28571428571429
