Val_acc_history : [0.6271, 0.6522, 0.6667, 0.6876, 0.6894, 0.7096, 0.6931, 0.6951, 0.7059, 0.7283, 0.7585, 0.7692, 0.7637, 0.7775, 0.7845, 0.8123, 0.7968, 0.813, 0.8273, 0.8252, 0.826, 0.848, 0.8464, 0.8544, 0.8729, 0.8789, 0.8996, 0.9071, 0.9189, 0.9277, 0.9414, 0.9563, 0.9543, 0.9665, 0.9698, 0.9841, 0.9721, 0.9822, 0.9748]
Val_loss_history : [0.9578291298838847, 0.9318194076954079, 0.9250981805124724, 0.9100710444869602, 0.8818223806684147, 0.8661647513737342, 0.8203677343931788, 0.7645930687009271, 0.6877122550943059, 0.6867030916241866, 0.6128359398717625, 0.6062422212091707, 0.5123119371985407, 0.4715538798059476, 0.5134395978280476, 0.4414708391191069, 0.4557025425804479, 0.4125453462031718, 0.3952606035873792, 0.4025902007479637, 0.36189987280771446, 0.395983877625758, 0.333451724946966, 0.3272803469612278, 0.26928530334741074, 0.22807684154362518, 0.21141496439060484, 0.2126742206880871, 0.14721232383695348, 0.13803739652755748, 0.08875500655413515, 0.09283236294830274, 0.07984494627347072, 0.07840784375431042, 0.046971522577003995, 0.03465658655850877, 0.039782370896892905, 0.03639433995790273, 0.04869825722804914]
Test_acc_history : [0.6307, 0.6515, 0.7137, 0.722, 0.7344, 0.7635, 0.7095, 0.7054, 0.7095, 0.7261, 0.6971, 0.7386, 0.7137, 0.7178, 0.7303, 0.7303, 0.7469, 0.751, 0.7469, 0.7427, 0.7635, 0.7593, 0.7676, 0.7718, 0.7593, 0.7759, 0.7718, 0.751, 0.7884, 0.7718, 0.7801, 0.7842, 0.7676, 0.7842, 0.7676, 0.7925, 0.7801, 0.7759, 0.7718]
Test_loss_history : [0.913979941878576, 0.7989081230277343, 0.8042687128193645, 0.7568054141407191, 0.7110313125171107, 0.6724289393523917, 0.7180159184386127, 0.6766779573781114, 0.6930303620135883, 0.6728549387723332, 0.6762610240008574, 0.6847710440329496, 0.6379942015833627, 0.6017036753942363, 0.6324380622226049, 0.6583065383321764, 0.5875144025612298, 0.5723012461485457, 0.5982297580318209, 0.5882122067819616, 0.5286636036584981, 0.5605507782154188, 0.5312047776654053, 0.5278485491871834, 0.5061226982576966, 0.46477812042081135, 0.48329354461699847, 0.500457075969374, 0.4873648540027965, 0.4887285614927218, 0.47050511186239136, 0.47876604099244, 0.4469536668408461, 0.49052917034485033, 0.46681064308941733, 0.44464372342290104, 0.4733803970546025, 0.46582084387363054, 0.4794336660336162]
+---+-----------+--------+-------------+-------+
|   | Precision | Recall | Specificity |   F1  |
+---+-----------+--------+-------------+-------+
| 0 |   0.711   | 0.766  |    0.853    | 0.738 |
| 1 |    0.5    | 0.375  |    0.973    | 0.429 |
| 2 |   0.987   |  1.0   |    0.994    | 0.994 |
| 3 |   0.731   |  0.7   |    0.894    | 0.715 |
+---+-----------+--------+-------------+-------+
375 images were used
Best Accuracy of Dent : 76.62337662337663
Best Accuracy of Other : 37.5
Best Accuracy of Rim : 100.0
Best Accuracy of Scratch : 70.0
