Val_acc_history : [0.6122, 0.5936, 0.6493, 0.6365, 0.6453, 0.6769, 0.6681, 0.6844, 0.6885, 0.706, 0.6879, 0.7016, 0.6874, 0.7066, 0.7118, 0.7172, 0.7282, 0.7236, 0.7409, 0.7221, 0.7493, 0.766, 0.7586, 0.7476, 0.7659, 0.7612, 0.7527, 0.7695, 0.7799, 0.7711, 0.7741, 0.7642, 0.7626, 0.7416, 0.7487, 0.7407, 0.7374, 0.7751, 0.7736]
Val_loss_history : [1.1108782136180406, 1.2503471976473561, 0.8940159321864906, 0.9368578415466491, 0.9313720280158974, 0.8992152597244776, 0.9038207700829914, 0.9303926482770855, 0.8634116482760652, 0.81870970919413, 0.8132548638384, 0.8374231468391168, 0.8315422440965733, 0.7658839499290969, 0.7163376686429339, 0.7317553322886746, 0.6934471134892555, 0.7026810620313253, 0.6543001577402089, 0.6704505988874374, 0.6470953265650082, 0.6412154186671277, 0.5783341723887635, 0.6372978453852935, 0.5888647906058608, 0.5828537380574175, 0.6105757328317798, 0.6047237208701642, 0.5933110177711113, 0.5506375754573738, 0.5838262870845435, 0.6310767865532351, 0.6060058270585319, 0.7147538153472486, 0.6201088943907139, 0.6591178033077133, 0.5639531403160836, 0.5656041189554263, 0.5186442315297307]
Test_acc_history : [0.6141, 0.6141, 0.6722, 0.6473, 0.639, 0.6846, 0.6722, 0.6929, 0.7054, 0.722, 0.7386, 0.7178, 0.7054, 0.7261, 0.7386, 0.7469, 0.7593, 0.7635, 0.7344, 0.7469, 0.7676, 0.7676, 0.7593, 0.751, 0.7635, 0.7842, 0.7676, 0.7801, 0.7884, 0.8091, 0.7801, 0.7759, 0.7884, 0.7759, 0.7718, 0.7759, 0.7635, 0.7842, 0.7718]
Test_loss_history : [1.1040113167644041, 1.185514745375922, 0.8780639219828167, 0.9063510318514717, 0.9424701738654331, 0.8823322172728811, 0.8993213426522694, 0.901340298509202, 0.8394490669624439, 0.8091812769407059, 0.774669695382791, 0.8186873796075211, 0.8119166589253176, 0.7855290118836763, 0.747415442189735, 0.7419334503501283, 0.7035326270146983, 0.6824242027468701, 0.7004173396781272, 0.7055008204893453, 0.6931678781370899, 0.6868628001930308, 0.7089022152527734, 0.6781936445238679, 0.6813601719764258, 0.6533772693753737, 0.6753251945205744, 0.6592784994185218, 0.650345957810948, 0.6208302392566353, 0.6584929489372182, 0.6615361577185852, 0.6535977568183697, 0.6625147332974489, 0.6459877943906052, 0.6359327253093363, 0.6531557503979483, 0.6287386966753302, 0.6812048347751877]
+---+-----------+--------+-------------+-------+
|   | Precision | Recall | Specificity |   F1  |
+---+-----------+--------+-------------+-------+
| 0 |   0.772   | 0.792  |     0.89    | 0.782 |
| 1 |    0.3    | 0.375  |    0.938    | 0.333 |
| 2 |    1.0    |  1.0   |     1.0     |  1.0  |
| 3 |   0.797   | 0.729  |    0.924    | 0.761 |
+---+-----------+--------+-------------+-------+
315 images were used
Best Accuracy of Dent : 79.22077922077922
Best Accuracy of Other : 37.5
Best Accuracy of Rim : 100.0
Best Accuracy of Scratch : 72.85714285714286
