Val_acc_history : [0.1985, 0.2042, 0.2044, 0.2127, 0.2131, 0.2048, 0.2162, 0.655, 0.6618, 0.6566, 0.6458, 0.6667, 0.661, 0.6578, 0.6698, 0.6699, 0.7483, 0.7204, 0.7311, 0.7229, 0.7308, 0.726, 0.7059, 0.7196, 0.7184, 0.7421, 0.7361, 0.7054, 0.7193, 0.6869, 0.7262]
Val_loss_history : [1.5055868786372495, 1.5075507283440446, 1.525145232204407, 1.5197728894239555, 1.5163147711049656, 1.5150024610407211, 1.514890937117843, 0.8428862210892853, 0.7899184508456124, 0.789754234235687, 0.7872052713840579, 0.7889202834387136, 0.7944112630392619, 0.8117435205079462, 0.8002490087808972, 0.8040359630264511, 0.6899790925030805, 0.6605840674117475, 0.6552998738532717, 0.6781222936080162, 0.6699916389014604, 0.7018687535910846, 0.7288324160903108, 0.7550570163777266, 0.7317543915290942, 0.688760204228965, 0.7583450681219498, 0.7748773959718009, 0.7062551894208842, 0.6825102304644657, 0.676293323259978]
Test_acc_history : [0.2075, 0.1992, 0.1826, 0.1867, 0.1867, 0.195, 0.1909, 0.6639, 0.6473, 0.639, 0.6266, 0.6432, 0.6432, 0.6307, 0.6307, 0.6598, 0.6929, 0.7261, 0.7095, 0.7095, 0.7386, 0.7469, 0.7386, 0.7427, 0.7552, 0.7344, 0.7427, 0.7552, 0.7261, 0.7469, 0.7635]
Test_loss_history : [1.4741991169719775, 1.4626661296702024, 1.5063737893005624, 1.4783525743919783, 1.4850154991466475, 1.5118885871285719, 1.48657424420242, 0.8330315029967376, 0.7845772118983921, 0.8214355759106237, 0.8359850187519279, 0.8175429014249461, 0.8318653984683183, 0.8468328399034951, 0.8429111730755612, 0.8480526433940745, 0.7290317249248631, 0.7147379636269882, 0.7070094502194788, 0.6887289391390021, 0.7099845198551155, 0.6970706141217615, 0.6744035769918647, 0.6938581078997291, 0.6417961432849718, 0.7174047974568185, 0.6883026704315822, 0.7481797054657303, 0.6869857024045901, 0.722957337081927, 0.7325651124738064]
+---+-----------+--------+-------------+-------+
|   | Precision | Recall | Specificity |   F1  |
+---+-----------+--------+-------------+-------+
| 0 |    0.67   | 0.766  |    0.822    | 0.715 |
| 1 |   0.357   | 0.312  |     0.96    | 0.333 |
| 2 |   0.987   |  1.0   |    0.994    | 0.994 |
| 3 |   0.717   | 0.614  |     0.9     | 0.662 |
+---+-----------+--------+-------------+-------+
480 images were used
Best Accuracy of Dent : 76.62337662337663
Best Accuracy of Other : 31.25
Best Accuracy of Rim : 100.0
Best Accuracy of Scratch : 61.42857142857143
