Val_acc_history : [0.6531, 0.6673, 0.684, 0.6916, 0.6994, 0.6973, 0.7328, 0.7122, 0.7451, 0.7483, 0.754, 0.7692, 0.7637, 0.7824, 0.8045, 0.8021, 0.8047, 0.8266, 0.8329, 0.8539, 0.8496, 0.8602, 0.8683, 0.8706, 0.8829, 0.8997, 0.8996, 0.9071, 0.9305, 0.9438, 0.9414, 0.9432, 0.9406, 0.9617, 0.9648, 0.9841, 0.9777, 0.9882, 0.9748]
Val_loss_history : [0.8981965158777467, 0.8223334016781899, 0.8843362185680568, 0.7656322998417384, 0.773125602107846, 0.6682205640830876, 0.6339262357401605, 0.6511540298761208, 0.5794395322471143, 0.6255536207468778, 0.5257273897494705, 0.5002744161938524, 0.4840182290059072, 0.44725127970403594, 0.4101864505176407, 0.3718594315205641, 0.39611539030865345, 0.34937276689684005, 0.28961201365985245, 0.27431093400242845, 0.25181949976007495, 0.24217438255082874, 0.21145269041151088, 0.19620662462870472, 0.17522192237443948, 0.1540254166278872, 0.14279311962131958, 0.136584814921797, 0.08711281357131698, 0.08220288022814026, 0.08478738432828041, 0.07191893199914212, 0.059047481582019494, 0.044021201804035195, 0.027819286154971538, 0.015485942284896892, 0.012126338446393152, 0.0102135493508237, 0.01429600008388501]
Test_acc_history : [0.6349, 0.6473, 0.6929, 0.6929, 0.7095, 0.7137, 0.7344, 0.7303, 0.7344, 0.7261, 0.7344, 0.7427, 0.7386, 0.7386, 0.722, 0.7261, 0.7552, 0.7469, 0.7303, 0.7469, 0.7386, 0.7552, 0.7427, 0.7552, 0.7427, 0.751, 0.7635, 0.7344, 0.7759, 0.7469, 0.751, 0.7718, 0.7635, 0.7759, 0.7593, 0.7759, 0.7718, 0.7801, 0.7635]
Test_loss_history : [0.8909436518720572, 0.7892878400586948, 0.8197500506624641, 0.693207576840003, 0.7086639910070728, 0.6654121722732342, 0.6392352504354295, 0.6517814843455538, 0.6374770204432277, 0.6304452259139895, 0.5739260239843511, 0.5905507233813095, 0.5575470790823466, 0.540466977646613, 0.5560072619947161, 0.555705813142274, 0.5224531275448215, 0.5115819242299839, 0.5360978938855571, 0.5003735579364774, 0.48118870696091554, 0.48349600951515787, 0.49641914229020784, 0.4552062181639968, 0.43948930964121186, 0.43290804302574937, 0.45717481421731815, 0.46867318465316443, 0.4327757953283574, 0.43945415783673525, 0.4305115877631356, 0.4419122705993501, 0.4049313050690899, 0.4395904453177608, 0.4275346740972081, 0.3911013105416601, 0.4295923428501764, 0.42753934817914213, 0.44187717965158685]
+---+-----------+--------+-------------+-------+
|   | Precision | Recall | Specificity |   F1  |
+---+-----------+--------+-------------+-------+
| 0 |   0.728   | 0.766  |    0.865    | 0.747 |
| 1 |    0.35   | 0.438  |    0.942    | 0.389 |
| 2 |    1.0    |  1.0   |     1.0     |  1.0  |
| 3 |   0.726   | 0.643  |     0.9     | 0.682 |
+---+-----------+--------+-------------+-------+
395 images were used
Best Accuracy of Dent : 76.62337662337663
Best Accuracy of Other : 43.75
Best Accuracy of Rim : 100.0
Best Accuracy of Scratch : 64.28571428571429
