Val_acc_history : [0.2041, 0.1888, 0.1944, 0.1943, 0.1751, 0.1569, 0.1622, 0.6667, 0.6812, 0.6967, 0.7266, 0.7344, 0.7458, 0.7699, 0.784, 0.7832, 0.8027, 0.81, 0.8523, 0.8635, 0.8889, 0.8858, 0.9167, 0.9312, 0.954, 0.9686, 1.0, 0.9922, 0.9825, 0.9697, 1.0]
Val_loss_history : [1.5746853440888366, 1.6168707381783194, 1.6643531218407646, 1.663504374295412, 1.661428103970073, 1.6746343756033704, 1.7173335391121942, 0.7424846068545655, 0.7505965869927752, 0.7729684348990744, 0.7585782476623232, 0.7817312692138076, 0.7420303504703577, 0.7131726339344034, 0.7592635714782425, 0.7293402535846897, 0.5460976827826326, 0.5653985668145668, 0.5478653929065772, 0.5316106126597899, 0.3831596086985774, 0.3897437308125568, 0.33013432325228054, 0.28889705560221857, 0.10121736736869809, 0.06143520072354414, 0.001662488761111389, 0.0006393554790555536, 0.0005138387026371467, 0.0002721511128868889, 0.00015781469015304798]
Test_acc_history : [0.1909, 0.195, 0.195, 0.1784, 0.1743, 0.1743, 0.1867, 0.7386, 0.7344, 0.7303, 0.7593, 0.7303, 0.7427, 0.7552, 0.722, 0.751, 0.7801, 0.7801, 0.7635, 0.7842, 0.7635, 0.7676, 0.7884, 0.805, 0.7801, 0.7884, 0.7801, 0.7925, 0.8008, 0.7884, 0.7967]
Test_loss_history : [1.5349956369993598, 1.5790583365191069, 1.6056262863127522, 1.6066127713785132, 1.5993876615500549, 1.6045897036667187, 1.6245907846822778, 0.6326093243365466, 0.6525718924662879, 0.5846950953432138, 0.5795821575950291, 0.6177109653338851, 0.6113358983978691, 0.5983453638140591, 0.623228280499763, 0.5961043138010621, 0.5292308667357779, 0.5211823253092429, 0.5121266803089761, 0.5009814274122483, 0.5081269940771008, 0.5397838623228162, 0.48027344491077717, 0.4958726684388963, 0.439849946114594, 0.4460003817245302, 0.4526254292790048, 0.4516198113831185, 0.47052297580608504, 0.5644613271192706, 0.5332441821740747]
+---+-----------+--------+-------------+-------+
|   | Precision | Recall | Specificity |   F1  |
+---+-----------+--------+-------------+-------+
| 0 |   0.699   | 0.844  |    0.828    | 0.765 |
| 1 |    0.7    | 0.438  |    0.987    | 0.538 |
| 2 |    1.0    | 0.987  |     1.0     | 0.993 |
| 3 |   0.754   | 0.657  |    0.912    | 0.702 |
+---+-----------+--------+-------------+-------+
375 images were used
Best Accuracy of Dent : 84.41558441558442
Best Accuracy of Other : 43.75
Best Accuracy of Rim : 98.7012987012987
Best Accuracy of Scratch : 65.71428571428571
