Val_acc_history : [0.2697, 0.2601, 0.2639, 0.2618, 0.2637, 0.2636, 0.2635, 0.7133, 0.7585, 0.7694, 0.8125, 0.8076, 0.8192, 0.8319, 0.858, 0.877, 0.881, 0.9068, 0.9394, 0.9518, 0.9658, 0.9635, 0.9853, 0.9894, 0.9828, 0.9811, 1.0, 0.9922, 0.9825, 0.9697, 1.0]
Val_loss_history : [1.6649045582567708, 1.69801288579011, 1.726365045895652, 1.74355198074216, 1.7258087145125314, 1.706709396345683, 1.728136938971442, 0.4771276361597724, 0.3971770980579842, 0.36735891621737254, 0.30534549558069557, 0.31663063811617814, 0.2868713685863857, 0.2605433204928331, 0.23951297382145753, 0.2094387272583821, 0.18802638663942006, 0.12254477768642394, 0.09296461305524589, 0.0805643597789797, 0.058603193511406325, 0.05269000740066919, 0.038345703982985486, 0.02485187442864848, 0.012078386625735325, 0.002213693047074144, 0.0010645352625336575, 0.0006884803083795665, 0.0005299931079590399, 0.0003148770272012123, 0.0003824101109958498]
Test_acc_history : [0.3029, 0.3112, 0.3071, 0.3071, 0.3029, 0.3112, 0.3071, 0.6763, 0.7386, 0.7095, 0.7178, 0.7344, 0.7344, 0.7469, 0.7303, 0.7344, 0.7676, 0.7925, 0.7801, 0.7925, 0.7593, 0.7884, 0.7884, 0.805, 0.7967, 0.8008, 0.7967, 0.8091, 0.8091, 0.7925, 0.7925]
Test_loss_history : [1.580705207413163, 1.626979746759185, 1.6161869403237623, 1.6203743659609087, 1.6232239903256112, 1.59841202304571, 1.585125585809288, 0.5445928308973669, 0.47879166833098, 0.44669290981352083, 0.40715346309159306, 0.44520876095997347, 0.432112657430261, 0.4220071237735234, 0.4141293153537754, 0.4121002406500187, 0.3985759892898971, 0.36803900391729044, 0.35481407581461416, 0.3623892076591733, 0.4177246714683242, 0.4268797295345805, 0.42075354728028486, 0.4541732166658051, 0.4335876546135458, 0.4398624308685544, 0.4314395239677172, 0.4514090382026439, 0.4776155050395683, 0.5513829880575669, 0.5466111799416082]
+---+-----------+--------+-------------+-------+
|   | Precision | Recall | Specificity |   F1  |
+---+-----------+--------+-------------+-------+
| 0 |   0.733   | 0.818  |    0.859    | 0.773 |
| 1 |   0.389   | 0.438  |    0.951    | 0.412 |
| 2 |   0.975   |  1.0   |    0.988    | 0.987 |
| 3 |   0.842   | 0.686  |    0.947    | 0.756 |
+---+-----------+--------+-------------+-------+
435 images were used
Best Accuracy of Dent : 81.81818181818181
Best Accuracy of Other : 43.75
Best Accuracy of Rim : 100.0
Best Accuracy of Scratch : 68.57142857142857
