Val_acc_history : [0.6271, 0.6578, 0.6782, 0.6837, 0.6994, 0.7117, 0.7223, 0.742, 0.7429, 0.7572, 0.7699, 0.7949, 0.8043, 0.8044, 0.7995, 0.8021, 0.8153, 0.832, 0.8217, 0.8252, 0.8407, 0.8511, 0.8589, 0.8738, 0.8796, 0.8927, 0.9068, 0.9182, 0.9189, 0.9398, 0.9414, 0.9476, 0.9452, 0.9569, 0.9447, 0.963, 0.9609, 0.9763, 0.9686]
Val_loss_history : [0.9578291298838847, 0.9267009910484794, 0.8521476239540214, 0.8142495540525099, 0.7596970974413569, 0.7328987262480281, 0.7050100881334137, 0.7205490629865862, 0.6471257312913183, 0.5972892139832964, 0.5818743654919241, 0.5250370467346518, 0.4585590199511809, 0.4497780937264266, 0.4915561831479234, 0.4590816742580164, 0.40918365315998606, 0.4085667988330853, 0.416731555541474, 0.3671028374088528, 0.3591863824587568, 0.3242691182885262, 0.2811604969168438, 0.27084056961329045, 0.20712842910634635, 0.19625543378080826, 0.2048008113975994, 0.17107151345554117, 0.14371406569408116, 0.10861875800169017, 0.11444151224997129, 0.10875279312408387, 0.11001213624346236, 0.13515955504725138, 0.10960297836879988, 0.07944158969013385, 0.07100737236008339, 0.05203412813906001, 0.06519427257467357]
Test_acc_history : [0.6307, 0.6224, 0.7012, 0.6846, 0.7137, 0.7303, 0.7095, 0.7303, 0.7427, 0.7593, 0.7552, 0.7593, 0.7801, 0.751, 0.7635, 0.751, 0.7676, 0.7552, 0.7635, 0.7635, 0.7593, 0.7884, 0.7718, 0.7759, 0.7801, 0.7759, 0.7801, 0.7593, 0.7842, 0.7801, 0.7801, 0.7925, 0.7759, 0.7967, 0.7801, 0.7884, 0.8008, 0.7759, 0.7801]
Test_loss_history : [0.913979941878576, 0.8069798857344631, 0.7637387899936977, 0.7089666662374473, 0.6673311586511086, 0.6662650541151213, 0.7201559834367754, 0.6950873806686199, 0.6570531112601772, 0.6236477104552801, 0.5922322753213995, 0.583849078948567, 0.5544334340577798, 0.5668191065030227, 0.5807130356392672, 0.5980332303884984, 0.5596436637596718, 0.5165405669771289, 0.5444514799507575, 0.5115277196717336, 0.4821929974922006, 0.482128394767642, 0.5052551020060461, 0.4705886792128759, 0.4544073005527629, 0.4448006330251199, 0.45364018393626354, 0.4787687895920019, 0.4364912962208645, 0.4346562555268469, 0.4382380852282542, 0.4686512447569009, 0.45421692736725094, 0.4795140642672777, 0.4842158204941581, 0.43573890713379715, 0.4665807226278599, 0.4534289848476772, 0.4672474981753225]
+---+-----------+--------+-------------+-------+
|   | Precision | Recall | Specificity |   F1  |
+---+-----------+--------+-------------+-------+
| 0 |   0.728   | 0.766  |    0.865    | 0.747 |
| 1 |   0.533   |  0.5   |    0.969    | 0.516 |
| 2 |   0.987   |  1.0   |    0.994    | 0.994 |
| 3 |   0.742   |  0.7   |     0.9     | 0.721 |
+---+-----------+--------+-------------+-------+
385 images were used
Best Accuracy of Dent : 76.62337662337663
Best Accuracy of Other : 50.0
Best Accuracy of Rim : 100.0
Best Accuracy of Scratch : 70.0
