Val_acc_history : [0.633, 0.6551, 0.7242, 0.7239, 0.7426, 0.7298, 0.7297, 0.7529, 0.7729, 0.7995, 0.8151, 0.8293, 0.8503, 0.8614, 0.8611, 0.8673, 0.8776, 0.8889, 0.9129, 0.9197, 0.9274, 0.9315, 0.9608, 0.9788, 0.977, 0.9748, 1.0, 0.9922, 0.9825, 0.9697, 1.0]
Val_loss_history : [1.0441281005795975, 0.9109549403535149, 0.8326381318241595, 0.7712148200636748, 0.7473840884832893, 0.6585637755156343, 0.6269121843868414, 0.5877586577764966, 0.5921619806060756, 0.5460751224309206, 0.45831279912575457, 0.4553073569576995, 0.3993639363196947, 0.3651880019139718, 0.37802632682220894, 0.35986473082740333, 0.3648737597356069, 0.31520060383640464, 0.2679158969831681, 0.1758450918604646, 0.14131403426464614, 0.09634968463079494, 0.06848459048984189, 0.037440980146928544, 0.040384839204255084, 0.03609299636615254, 0.00036663036790842953, 0.00017384923312631652, 9.815547446921476e-05, 5.269948388843778e-05, 3.103510662835366e-05]
Test_acc_history : [0.6556, 0.6846, 0.7427, 0.7095, 0.7427, 0.7303, 0.7635, 0.7676, 0.805, 0.7718, 0.7925, 0.7593, 0.7801, 0.7967, 0.7801, 0.7967, 0.805, 0.7925, 0.7842, 0.7593, 0.7801, 0.7842, 0.7676, 0.7593, 0.7552, 0.8091, 0.7884, 0.7842, 0.805, 0.8008, 0.7884]
Test_loss_history : [0.9009029515613164, 0.7728199226727624, 0.7361161659985657, 0.7125711557899768, 0.6793646283169505, 0.5950545040094506, 0.5525752003787712, 0.5581134645987101, 0.545770354878111, 0.566383474471658, 0.5291339574281234, 0.5410794908745037, 0.546942101961535, 0.49761010022037877, 0.5212396298036659, 0.5438379306400279, 0.494544395720934, 0.5285057903874155, 0.5259979011962399, 0.5448673042232998, 0.5169509426609485, 0.5089010525962407, 0.47328873731474164, 0.46516869907147596, 0.5296507633061253, 0.520195988679297, 0.5126070465382452, 0.553899318200084, 0.609689218606568, 0.6130245672152436, 0.6385281432199744]
+---+-----------+--------+-------------+-------+
|   | Precision | Recall | Specificity |   F1  |
+---+-----------+--------+-------------+-------+
| 0 |   0.756   | 0.805  |    0.877    |  0.78 |
| 1 |   0.357   | 0.312  |     0.96    | 0.333 |
| 2 |    1.0    |  1.0   |     1.0     |  1.0  |
| 3 |   0.761   | 0.729  |    0.906    | 0.745 |
+---+-----------+--------+-------------+-------+
405 images were used
Best Accuracy of Dent : 80.51948051948052
Best Accuracy of Other : 31.25
Best Accuracy of Rim : 100.0
Best Accuracy of Scratch : 72.85714285714286
