Val_acc_history : [0.6723, 0.6879, 0.7341, 0.7321, 0.7405, 0.7407, 0.759, 0.7552, 0.7754, 0.7895, 0.8151, 0.8266, 0.8362, 0.8437, 0.8549, 0.8803, 0.8776, 0.8996, 0.9091, 0.9277, 0.9444, 0.9543, 0.9706, 0.9735, 0.977, 0.9686]
Val_loss_history : [1.0582324880967091, 0.8768661225605792, 0.9692680955391436, 0.9518454077221256, 0.8717798142583907, 0.8216960543537338, 0.7740474143878322, 0.7354820503382173, 0.6870314747203088, 0.6231400824821832, 0.5659996404150055, 0.5340711858570273, 0.5029214369369892, 0.4788273591390237, 0.45428291250330705, 0.45287293512796123, 0.40297960440650404, 0.31712077047774323, 0.27795905416397465, 0.24146561046742487, 0.11754654308668593, 0.0695668134133206, 0.0563328789793755, 0.05374986951260349, 0.03377489757392256, 0.03729905923440432]
Test_acc_history : [0.7137, 0.6722, 0.6888, 0.7095, 0.6888, 0.6805, 0.7095, 0.7012, 0.7095, 0.7427, 0.751, 0.7469, 0.7552, 0.7676, 0.7801, 0.7884, 0.7676, 0.751, 0.7718, 0.7593, 0.7718, 0.7759, 0.7718, 0.751, 0.7925, 0.7842]
Test_loss_history : [0.992892340382105, 0.8889134944536379, 0.9042516297262734, 0.9195626209880307, 0.8713755032117189, 0.8515210276029046, 0.8193306133027394, 0.8056541955836611, 0.793177534458981, 0.6980367706338895, 0.6921539737908672, 0.6930825492498538, 0.6631742175745766, 0.684205641456072, 0.6322694676638392, 0.5832805911395931, 0.5457351667675117, 0.5660478409410636, 0.4916479772582836, 0.49023727959029656, 0.5131030144958266, 0.4974116845504686, 0.505016230178139, 0.5024788909112547, 0.5789959312810783, 0.5363627223015852]
+---+-----------+--------+-------------+-------+
|   | Precision | Recall | Specificity |   F1  |
+---+-----------+--------+-------------+-------+
| 0 |   0.708   | 0.818  |     0.84    | 0.759 |
| 1 |   0.308   |  0.25  |     0.96    | 0.276 |
| 2 |    1.0    |  1.0   |     1.0     |  1.0  |
| 3 |    0.77   | 0.671  |    0.918    | 0.718 |
+---+-----------+--------+-------------+-------+
390 images were used
Best Accuracy of Dent : 81.81818181818181
Best Accuracy of Other : 25.0
Best Accuracy of Rim : 100.0
Best Accuracy of Scratch : 67.14285714285714
