Val_acc_history : [0.6723, 0.6859, 0.7083, 0.7321, 0.7215, 0.7451, 0.732, 0.7506, 0.7633, 0.7669, 0.8099, 0.8103, 0.839, 0.8555, 0.8673, 0.8803, 0.898, 0.9211, 0.9394, 0.9438, 0.9444, 0.9406, 0.9608, 0.9683, 0.9655, 0.9686]
Val_loss_history : [1.0582324880967091, 0.8817737126913144, 0.9805645379090001, 0.9356177580182904, 0.8942445671472714, 0.8622953882948181, 0.8121911607334508, 0.7927382180493299, 0.7528843742700807, 0.6618819832801819, 0.5096817738697913, 0.41200294611132565, 0.4208715260791787, 0.3497156775735077, 0.2904752847885161, 0.2866694265904966, 0.259966027739198, 0.2108626157975018, 0.17720595653659213, 0.16914014055708754, 0.13316392434751476, 0.10492922176317776, 0.0781576310175439, 0.06342155675920559, 0.06076510721138858, 0.03559782604875267]
Test_acc_history : [0.7137, 0.6722, 0.668, 0.6888, 0.7012, 0.6805, 0.7137, 0.7261, 0.7469, 0.7427, 0.7427, 0.7344, 0.7261, 0.7593, 0.7469, 0.7759, 0.7676, 0.7593, 0.7676, 0.7593, 0.751, 0.7718, 0.7759, 0.7593, 0.7801, 0.8008]
Test_loss_history : [0.992892340382105, 0.8958101152631752, 0.9915884863044216, 0.9110871064032262, 0.8774923001613112, 0.9184343236270535, 0.8305031068901303, 0.8270195999580795, 0.7870275044419582, 0.7158500826859623, 0.6969308363065062, 0.6722173978539794, 0.6445750700487636, 0.6308141955217014, 0.5884627122973011, 0.5375098762995103, 0.5096032810300836, 0.553741012661258, 0.5294777830150674, 0.5188652999328133, 0.530862023172846, 0.5563304554487489, 0.5495844342913943, 0.5227708863249025, 0.5832554144539418, 0.5414567336293239]
+---+-----------+--------+-------------+-------+
|   | Precision | Recall | Specificity |   F1  |
+---+-----------+--------+-------------+-------+
| 0 |   0.753   | 0.792  |    0.877    | 0.772 |
| 1 |    0.4    |  0.5   |    0.946    | 0.444 |
| 2 |   0.974   | 0.987  |    0.988    | 0.981 |
| 3 |   0.787   | 0.686  |    0.924    | 0.733 |
+---+-----------+--------+-------------+-------+
405 images were used
Best Accuracy of Dent : 79.22077922077922
Best Accuracy of Other : 50.0
Best Accuracy of Rim : 98.7012987012987
Best Accuracy of Scratch : 68.57142857142857
