Val_acc_history : [0.6498, 0.6936, 0.6885, 0.6933, 0.711, 0.7037, 0.6892, 0.7179, 0.7005, 0.7268, 0.7266, 0.7317, 0.7429, 0.7434, 0.7623, 0.767, 0.7721, 0.767, 0.7765, 0.7631, 0.7436, 0.7534, 0.7892, 0.7407, 0.7414, 0.7421]
Val_loss_history : [1.3957865219772532, 1.2045521983708145, 1.516184837346719, 1.3166876765527973, 1.5140172524479873, 1.058058095255903, 1.056153451826692, 0.9522506780151738, 0.9775394115269135, 0.9786422385257625, 0.8938474536941309, 0.8164029045303057, 0.8233722140052288, 0.7253847882236769, 0.8104601261571746, 0.8299290322642894, 0.7648748255930334, 0.7951947771839791, 0.8085343148691622, 0.873922583403956, 0.8837167685294253, 0.8096651110195312, 0.7505265623993039, 0.8278361172292126, 0.8535925714317816, 0.9084616618102077]
Test_acc_history : [0.6349, 0.6888, 0.6805, 0.6846, 0.6722, 0.7137, 0.7054, 0.722, 0.722, 0.7137, 0.7178, 0.751, 0.751, 0.7842, 0.7427, 0.7718, 0.7552, 0.7718, 0.7303, 0.7635, 0.7593, 0.7718, 0.7842, 0.7676, 0.7884, 0.7635]
Test_loss_history : [1.2871685781790507, 1.1176996676259021, 1.3662536940634002, 1.2087426566484063, 1.3523988201286783, 0.8954623486552991, 1.0142114366485864, 0.9539497265924557, 0.8838949907122806, 0.8830356769170998, 0.7672955095458822, 0.7357903408095302, 0.7229803087676709, 0.6722716282573973, 0.7248798248771563, 0.6752644567847005, 0.6869804318607843, 0.7252688457053232, 0.7630650201093606, 0.7182807377636186, 0.7977670708447077, 0.7585198073358086, 0.7208284581702249, 0.7690170185980523, 0.7464098498897619, 0.7523895450500594]
+---+-----------+--------+-------------+-------+
|   | Precision | Recall | Specificity |   F1  |
+---+-----------+--------+-------------+-------+
| 0 |    0.72   | 0.766  |    0.859    | 0.742 |
| 1 |    0.4    |  0.5   |    0.946    | 0.444 |
| 2 |    1.0    |  1.0   |     1.0     |  1.0  |
| 3 |   0.754   | 0.657  |    0.912    | 0.702 |
+---+-----------+--------+-------------+-------+
390 images were used
Best Accuracy of Dent : 76.62337662337663
Best Accuracy of Other : 50.0
Best Accuracy of Rim : 100.0
Best Accuracy of Scratch : 65.71428571428571
