Val_acc_history : [0.6723, 0.6898, 0.6865, 0.728, 0.7321, 0.7538, 0.75, 0.7739, 0.7947, 0.802, 0.8229, 0.8238, 0.8333, 0.8437, 0.858, 0.8706, 0.8844, 0.8961, 0.9205, 0.9438, 0.953, 0.9589, 0.9853, 0.9841, 0.9828, 0.9748]
Val_loss_history : [1.344320602910349, 0.8915755305015742, 0.9176835769654385, 0.7222382317759966, 0.6813642649483014, 0.6081976563606841, 0.5909107485534372, 0.5458588565293795, 0.5265986722430601, 0.4922471275730502, 0.425563730696922, 0.46147524583346505, 0.4056614103278482, 0.3900355199917843, 0.38138825755918837, 0.35193154774248314, 0.2856172952711104, 0.2241696007347392, 0.1346227685956392, 0.09571649280066875, 0.08954933083640575, 0.0641600135296528, 0.03866807206955569, 0.02866279305268859, 0.02528430135603178, 0.03356546517325514]
Test_acc_history : [0.6888, 0.6846, 0.7095, 0.7344, 0.7469, 0.7303, 0.7344, 0.7552, 0.7427, 0.7635, 0.751, 0.7718, 0.7552, 0.7261, 0.7759, 0.7925, 0.7676, 0.7635, 0.7842, 0.7884, 0.7593, 0.7718, 0.7801, 0.7718, 0.7884, 0.7842]
Test_loss_history : [1.1987894658478464, 0.8145510801017531, 0.849500968279433, 0.7509238843910427, 0.6567852838250858, 0.7059946405195102, 0.6254857702806778, 0.5880275707521874, 0.5336872389563263, 0.5206109310705137, 0.5649637921454377, 0.4882524789994992, 0.5351516206969055, 0.5666447495017587, 0.5193597526169726, 0.49699321713035777, 0.5119193374735779, 0.5053674291695673, 0.4571790019913936, 0.44970566033254306, 0.4464466659385031, 0.47644641384466924, 0.4798846064595297, 0.4525295853096976, 0.497792943795714, 0.4938497196608107]
+---+-----------+--------+-------------+-------+
|   | Precision | Recall | Specificity |   F1  |
+---+-----------+--------+-------------+-------+
| 0 |   0.681   | 0.831  |    0.816    | 0.749 |
| 1 |    0.6    | 0.375  |    0.982    | 0.462 |
| 2 |    1.0    |  1.0   |     1.0     |  1.0  |
| 3 |   0.746   | 0.629  |    0.912    | 0.682 |
+---+-----------+--------+-------------+-------+
255 images were used
Best Accuracy of Dent : 83.11688311688312
Best Accuracy of Other : 37.5
Best Accuracy of Rim : 100.0
Best Accuracy of Scratch : 62.857142857142854
