Val_acc_history : [0.6616, 0.7092, 0.728, 0.7527, 0.7728, 0.7902, 0.7897, 0.7995, 0.8374, 0.8395, 0.8541, 0.8964, 0.917, 0.9331, 0.9598, 0.9694, 0.9761, 0.9735, 0.9882]
Val_loss_history : [0.9872509542648418, 0.9038404470130303, 0.7481052202681091, 0.6379872129987806, 0.6251009552550807, 0.5095524081373088, 0.449089403830077, 0.3790377059791017, 0.3032377958972875, 0.27615343181571167, 0.23272400922042893, 0.1619593492757324, 0.1382878472779597, 0.09250403206438851, 0.055994490632342256, 0.053187293569124244, 0.023780281697823244, 0.03236075760808985, 0.008782109745244975]
Test_acc_history : [0.6473, 0.6349, 0.6763, 0.6722, 0.7095, 0.722, 0.7178, 0.7552, 0.7427, 0.7386, 0.7676, 0.7759, 0.7676, 0.8008, 0.7884, 0.7842, 0.7842, 0.7759, 0.7718]
Test_loss_history : [0.8526124697008568, 0.9118622362119033, 0.7343937913535542, 0.6567964454285832, 0.6634511496655303, 0.601902363319491, 0.5586881995572094, 0.5106171731184008, 0.506465846170281, 0.46930801811245465, 0.4552906523980355, 0.4593402257892477, 0.46736972440513336, 0.42821595646224575, 0.45294870619364547, 0.41351023369229156, 0.41627915915781905, 0.43448887522915897, 0.46669122296157467]
+---+-----------+--------+-------------+-------+
|   | Precision | Recall | Specificity |   F1  |
+---+-----------+--------+-------------+-------+
| 0 |    0.75   | 0.779  |    0.877    | 0.764 |
| 1 |    0.4    |  0.5   |    0.946    | 0.444 |
| 2 |    1.0    |  1.0   |     1.0     |  1.0  |
| 3 |   0.762   | 0.686  |    0.912    | 0.722 |
+---+-----------+--------+-------------+-------+
295 images were used
Best Accuracy of Dent : 77.92207792207792
Best Accuracy of Other : 50.0
Best Accuracy of Rim : 100.0
Best Accuracy of Scratch : 68.57142857142857
