Val_acc_history : [0.6597, 0.6817, 0.6728, 0.6908, 0.6927, 0.6807, 0.7066, 0.7018, 0.729, 0.7507, 0.7477, 0.754, 0.737, 0.7472, 0.739, 0.7642, 0.7608, 0.7619, 0.7456]
Val_loss_history : [1.2240114226824619, 0.9422487436641879, 1.0110540957683374, 0.8475675285656823, 0.8475708030102015, 0.8400644106629775, 0.8512410965698605, 0.9406110367098474, 0.831343133577971, 0.8230278276582181, 0.8162381148990526, 0.8411647330436096, 0.8117107304270704, 0.7880278547124792, 0.8434691383862442, 0.7948663729003033, 0.7596749820296417, 0.7865063075380272, 0.861982163631484]
Test_acc_history : [0.6639, 0.6639, 0.6763, 0.6639, 0.6846, 0.6929, 0.7261, 0.7137, 0.7344, 0.7303, 0.7676, 0.7427, 0.751, 0.7801, 0.7593, 0.7842, 0.7925, 0.7801, 0.7635]
Test_loss_history : [1.037483163518035, 0.9327101195501589, 0.9219021658370604, 0.8488901222271543, 0.7971646607973268, 0.7652952608215735, 0.8401478291856302, 0.8291061544072084, 0.8083145439130142, 0.8193062983406901, 0.7643711640039668, 0.7799945019834764, 0.8115585965386503, 0.7615332144826527, 0.7345513561663229, 0.7186244198689199, 0.674652911088897, 0.7049745367182982, 0.6618632190393214]
+---+-----------+--------+-------------+-------+
|   | Precision | Recall | Specificity |   F1  |
+---+-----------+--------+-------------+-------+
| 0 |   0.723   | 0.779  |    0.859    |  0.75 |
| 1 |   0.471   |  0.5   |     0.96    | 0.485 |
| 2 |   0.987   | 0.987  |    0.994    | 0.987 |
| 3 |   0.746   | 0.671  |    0.906    | 0.707 |
+---+-----------+--------+-------------+-------+
355 images were used
Best Accuracy of Dent : 77.92207792207792
Best Accuracy of Other : 50.0
Best Accuracy of Rim : 98.7012987012987
Best Accuracy of Scratch : 67.14285714285714
