Val_acc_history : [0.6276, 0.6955, 0.7423, 0.7463, 0.755, 0.7762, 0.7897, 0.8072, 0.8266, 0.851, 0.8693, 0.8835, 0.9031, 0.9145, 0.9438, 0.9651, 0.9713, 0.9788, 0.9882]
Val_loss_history : [0.9281998950220461, 0.7869996567401296, 0.6948317996357665, 0.588296932702475, 0.5071016845971611, 0.49158202367671927, 0.4617792590553155, 0.4057257646918632, 0.36283592543335064, 0.2948899696404942, 0.2685957109466433, 0.21333027363552873, 0.1734805974986881, 0.1830435470908579, 0.06811841875857048, 0.049983378675386034, 0.04004827926311927, 0.021119523147939058, 0.010828758331842152]
Test_acc_history : [0.5975, 0.6846, 0.7261, 0.7469, 0.7469, 0.7593, 0.7635, 0.7759, 0.7718, 0.7842, 0.7635, 0.7925, 0.751, 0.7842, 0.751, 0.7759, 0.7801, 0.7635, 0.7759]
Test_loss_history : [0.8679282249442275, 0.6827395732101068, 0.6063472865095277, 0.5531771568372784, 0.6144301199674977, 0.579361936015645, 0.5697013149037957, 0.546482041288801, 0.5054210145296955, 0.46638480781024916, 0.4913260367374357, 0.45083323109091195, 0.45504043383245585, 0.44091447387508953, 0.44927044922903303, 0.4549724231532068, 0.4455662326717216, 0.4785424423717055, 0.48091175323120355]
+---+-----------+--------+-------------+-------+
|   | Precision | Recall | Specificity |   F1  |
+---+-----------+--------+-------------+-------+
| 0 |   0.735   | 0.792  |    0.865    | 0.762 |
| 1 |   0.364   |  0.5   |    0.938    | 0.421 |
| 2 |    1.0    |  1.0   |     1.0     |  1.0  |
| 3 |   0.776   | 0.643  |    0.924    | 0.703 |
+---+-----------+--------+-------------+-------+
255 images were used
Best Accuracy of Dent : 79.22077922077922
Best Accuracy of Other : 50.0
Best Accuracy of Rim : 100.0
Best Accuracy of Scratch : 64.28571428571429
