Val_acc_history : [0.6711, 0.6994, 0.7382, 0.7441, 0.7016, 0.7622, 0.7824, 0.7943, 0.794, 0.8195, 0.8419, 0.8673, 0.8685, 0.9071, 0.9237, 0.9563, 0.9713, 0.9788, 0.9822]
Val_loss_history : [0.8773071456186488, 0.6350266611265761, 0.6590250152751712, 0.6477203911650918, 0.6334812425923241, 0.6153929396630167, 0.5629877263138158, 0.5718724511582931, 0.41205478394732165, 0.39562846148616093, 0.33685010718146347, 0.31772548551625995, 0.24625118413318117, 0.20133017855099156, 0.13363690745521684, 0.12907972555176972, 0.03395765287107866, 0.020049828530222094, 0.017349707907631982]
Test_acc_history : [0.6639, 0.7095, 0.7095, 0.7261, 0.7303, 0.7469, 0.7261, 0.7303, 0.7261, 0.7676, 0.7884, 0.8091, 0.7718, 0.7967, 0.7676, 0.7967, 0.7884, 0.7593, 0.7884]
Test_loss_history : [0.8287618363361141, 0.5985898149365954, 0.6300426291850593, 0.6068464954426179, 0.6270323009442739, 0.600787472891857, 0.6303685587904265, 0.6252381295213066, 0.5904529241234435, 0.5299927705427423, 0.4879787430259944, 0.4870405873492422, 0.5397055776793649, 0.42519338900528664, 0.4731868960666644, 0.39732373046449143, 0.41519216309915996, 0.4325507428527025, 0.4583046734526259]
+---+-----------+--------+-------------+-------+
|   | Precision | Recall | Specificity |   F1  |
+---+-----------+--------+-------------+-------+
| 0 |   0.722   | 0.844  |    0.847    | 0.778 |
| 1 |   0.467   | 0.438  |    0.964    | 0.452 |
| 2 |    1.0    |  1.0   |     1.0     |  1.0  |
| 3 |   0.793   | 0.657  |    0.929    | 0.719 |
+---+-----------+--------+-------------+-------+
255 images were used
Best Accuracy of Dent : 84.41558441558442
Best Accuracy of Other : 43.75
Best Accuracy of Rim : 100.0
Best Accuracy of Scratch : 65.71428571428571
