Val_acc_history : [0.6176, 0.6067, 0.6423, 0.6522, 0.6584, 0.657, 0.679, 0.666, 0.6944, 0.6894, 0.6964, 0.6851, 0.7128, 0.7015, 0.7173, 0.7271, 0.7328, 0.756, 0.7511, 0.7528, 0.7568, 0.7631, 0.7535, 0.7692, 0.7783, 0.7589, 0.7899, 0.7848, 0.8069, 0.787, 0.797, 0.8046, 0.8099, 0.8232, 0.8155, 0.8266, 0.8269, 0.8273, 0.8249, 0.8195, 0.8285, 0.8378, 0.8443, 0.8663, 0.8796, 0.8809, 0.8631, 0.8803, 0.8914, 0.8829, 0.9116, 0.9066, 0.9261, 0.9104, 0.9234, 0.9331, 0.947, 0.9382, 0.9409, 0.9478, 0.9631, 0.954, 0.9615, 0.9694, 0.9732, 0.968, 0.972, 0.9761, 0.9804, 0.9698, 0.9794, 0.9894, 0.9891, 0.9777, 0.9828, 0.9941, 1.0, 0.9811]
Val_loss_history : [1.1808140437283061, 0.967965534257535, 0.9583409063043665, 1.050141371814763, 1.0816624428355313, 1.1135132141942463, 1.0323615729816056, 0.9521330688715948, 0.9395003187847102, 0.9314646303676114, 0.8714796197525252, 0.806429223665979, 0.7243532534681014, 0.7079499605148719, 0.6634743479768184, 0.66191481694039, 0.6728314368841077, 0.6020941648932584, 0.5877410159795032, 0.6070070719192913, 0.5832226913640494, 0.5693841521057528, 0.5356452199072504, 0.5146881164809242, 0.5456875916109156, 0.5188603380134859, 0.512751565238344, 0.4595045668202792, 0.416301105452683, 0.4139789005129932, 0.4134975250616556, 0.4053758654628514, 0.39684900970072096, 0.32688307714474074, 0.37685599793894164, 0.36441599099636884, 0.3578113582865386, 0.2989254155556845, 0.32780194645326605, 0.3426807935250907, 0.31653950476293385, 0.2887529317924209, 0.29753977719145064, 0.25165926143215644, 0.23995584519479402, 0.24774230425289853, 0.2607575797277153, 0.18046350345621337, 0.16904588996993353, 0.20954124338420288, 0.13911472102959774, 0.16182681007103697, 0.14499706503239126, 0.11162578859691939, 0.1333345115374065, 0.10677744853561294, 0.09195653306078659, 0.10075186635772104, 0.08396469014738027, 0.09736620389118165, 0.06204293019397825, 0.05487858300183989, 0.0783535704602742, 0.038211815552552146, 0.04244565720724885, 0.03708733914480608, 0.041582442509041986, 0.042031301141972205, 0.03250869763559974, 0.036383470295151536, 0.01758140063251743, 0.015191269507841084, 0.022817952838206267, 0.012303746218907558, 0.006686312634893961, 0.0004953365783639715, 0.0003786623455220606, 0.0002508062668008885]
Test_acc_history : [0.6432, 0.6183, 0.668, 0.6639, 0.6805, 0.6929, 0.7054, 0.6763, 0.6846, 0.6971, 0.6929, 0.7012, 0.7095, 0.7054, 0.7178, 0.7095, 0.7137, 0.722, 0.7137, 0.7344, 0.7718, 0.7386, 0.7303, 0.7303, 0.7054, 0.7344, 0.7303, 0.7469, 0.7593, 0.7427, 0.7552, 0.722, 0.722, 0.7386, 0.7469, 0.722, 0.7303, 0.7427, 0.722, 0.7469, 0.7386, 0.7469, 0.7427, 0.7635, 0.7427, 0.7593, 0.7427, 0.7842, 0.7801, 0.7718, 0.7801, 0.7593, 0.7718, 0.7552, 0.7552, 0.7593, 0.751, 0.7469, 0.7718, 0.7718, 0.7925, 0.7593, 0.7842, 0.7718, 0.7593, 0.7925, 0.7884, 0.7718, 0.7718, 0.7635, 0.7635, 0.7842, 0.7967, 0.7676, 0.7552, 0.7759, 0.7759, 0.7718]
Test_loss_history : [1.0004421662987515, 0.9105340490944652, 0.9341869502641353, 0.931280901941521, 0.9363250300535523, 0.9660721530990977, 0.9310278412325624, 0.8574820234985149, 0.8718112560831536, 0.8592290209598561, 0.8555574744816143, 0.78373703638795, 0.7446195475788038, 0.7179960341683562, 0.683638068155629, 0.6687092655550889, 0.7170025773068187, 0.7019777801892569, 0.6877223721771072, 0.6599445233268362, 0.6585211636985486, 0.6260587791313275, 0.6604757032268275, 0.6831824695498245, 0.6588778522994013, 0.6431238218075384, 0.658675998793258, 0.6055265681439416, 0.5963194402112506, 0.6517633195440923, 0.6124136772439563, 0.6514745391132426, 0.6269741520996658, 0.5936970988450827, 0.6562825105311465, 0.7015684808129097, 0.673142409160795, 0.6403606547065914, 0.6544989217575099, 0.6469610275399265, 0.6904640016938208, 0.657482653342311, 0.6376296271303382, 0.600137937848777, 0.640050274227201, 0.5957799241472329, 0.6333242617470224, 0.5826520576369775, 0.5336737030483318, 0.5283550311196827, 0.5121156100156674, 0.5716096153057709, 0.5411961597749863, 0.5453948347473757, 0.5583406365805024, 0.5047026709711403, 0.5046922835517536, 0.5277491469183527, 0.5306778830665462, 0.5094758704424491, 0.460947362383387, 0.5090321857314093, 0.47626873555001936, 0.5075343006340732, 0.49163272421076676, 0.48259590143488557, 0.46015501273718673, 0.5076260531477677, 0.47636289464568726, 0.5117707635194867, 0.42998526869457665, 0.4895921903609248, 0.5320282733547057, 0.5342584834878499, 0.5580165516990875, 0.5120142159140109, 0.5049373707849981, 0.5581151100022417]
+---+-----------+--------+-------------+-------+
|   | Precision | Recall | Specificity |   F1  |
+---+-----------+--------+-------------+-------+
| 0 |   0.725   | 0.753  |    0.865    | 0.739 |
| 1 |   0.438   | 0.438  |     0.96    | 0.438 |
| 2 |    1.0    |  1.0   |     1.0     |  1.0  |
| 3 |   0.746   | 0.714  |     0.9     |  0.73 |
+---+-----------+--------+-------------+-------+
380 images were used
Best Accuracy of Dent : 75.32467532467533
Best Accuracy of Other : 43.75
Best Accuracy of Rim : 100.0
Best Accuracy of Scratch : 71.42857142857143
