Val_acc_history : [0.6011, 0.6382, 0.6723, 0.673, 0.6851, 0.684, 0.6751, 0.6739, 0.6925, 0.6874, 0.6964, 0.7178, 0.7149, 0.7307, 0.7426, 0.7527, 0.7522, 0.7298, 0.7313, 0.7483, 0.7658, 0.7449, 0.7627, 0.7599, 0.7712, 0.7685, 0.7512, 0.7873, 0.7995, 0.7794, 0.797, 0.7918, 0.8073, 0.8021, 0.8289, 0.8347, 0.8269, 0.8412, 0.8418, 0.851, 0.8547, 0.8555, 0.8563, 0.8723, 0.8765, 0.8777, 0.8822, 0.8867, 0.9013, 0.893, 0.9048, 0.9066, 0.9155, 0.914, 0.9234, 0.9257, 0.9394, 0.9305, 0.9449, 0.9518, 0.9631, 0.954, 0.9573, 0.9607, 0.9688, 0.9589, 0.9673, 0.9713, 0.9804, 0.9648, 0.9742, 0.9788, 0.9891, 0.9721, 0.977, 0.9882, 1.0, 0.9811]
Val_loss_history : [1.1306113350780351, 1.295970946660953, 1.0343068916183173, 1.1727104565596986, 1.015121830513573, 0.9498079491811509, 0.9788558026377098, 0.8273660058854605, 0.7822603161321096, 0.7652070245580498, 0.7199480268531121, 0.7136619027907787, 0.6730677246689519, 0.6445182244058131, 0.6744311090199206, 0.6606500275494622, 0.642049692719693, 0.6114584294052425, 0.6050719185875901, 0.5849133994998639, 0.5560590934211824, 0.5755262859099373, 0.5396238471926426, 0.5408684473038632, 0.5876206780222623, 0.5308311563532528, 0.5319206346417462, 0.4291069802548053, 0.43858063635260724, 0.44936938647806346, 0.4211239425399279, 0.3933095118458261, 0.4250959779850139, 0.4077262833621107, 0.3812257558721202, 0.3579644694215136, 0.3836011992713723, 0.3401741427505612, 0.35034671917920773, 0.3661216609333415, 0.3724352360552794, 0.3123314147231315, 0.38968494466734593, 0.2911930472429383, 0.3008527340522657, 0.26139345729313385, 0.27247204276759796, 0.27036010040404296, 0.2590657830533976, 0.2240667846943501, 0.1916087749477501, 0.18474119594304542, 0.17662095127571506, 0.17928132726343543, 0.13864539773840742, 0.14258377913097403, 0.14142501269177019, 0.12029620485369505, 0.08996984915002103, 0.08981195800417817, 0.07595777348185828, 0.07675319287641497, 0.07068613661019307, 0.06256302367305122, 0.058538751121107326, 0.0624588906758871, 0.057972843792353686, 0.06045967263351172, 0.05398943366604976, 0.051965920018686225, 0.046044984638280495, 0.04467574777078529, 0.045719831425547294, 0.03122189241983699, 0.033805322184377276, 0.03186404910987345, 0.0005338868668331997, 0.0004002839271396504]
Test_acc_history : [0.6224, 0.6556, 0.6473, 0.639, 0.639, 0.6515, 0.639, 0.6971, 0.6971, 0.7095, 0.6846, 0.6888, 0.6846, 0.7137, 0.6971, 0.7137, 0.6971, 0.7054, 0.7054, 0.7178, 0.7303, 0.7261, 0.7178, 0.7095, 0.7095, 0.722, 0.7261, 0.7427, 0.7635, 0.7593, 0.751, 0.7552, 0.7552, 0.751, 0.7469, 0.7635, 0.7552, 0.751, 0.7469, 0.7676, 0.7427, 0.7759, 0.7718, 0.751, 0.7842, 0.7635, 0.7303, 0.7635, 0.7925, 0.7884, 0.7676, 0.7635, 0.7842, 0.7676, 0.7801, 0.7676, 0.7842, 0.7801, 0.7801, 0.7676, 0.7718, 0.7676, 0.7759, 0.7676, 0.7676, 0.7635, 0.7884, 0.7676, 0.7676, 0.7676, 0.7676, 0.7593, 0.7967, 0.7552, 0.7635, 0.7759, 0.7759, 0.7842]
Test_loss_history : [1.0611478523100066, 1.0923457719478369, 0.9025251815922527, 0.9393247971272567, 0.8981235202911978, 0.8987731898041187, 0.9769051130010874, 0.7712054744795644, 0.7742503550970208, 0.7433964197690062, 0.7087730774617294, 0.7363913684959729, 0.7179025349929867, 0.6511066082354898, 0.6479885494529707, 0.6345691487996905, 0.6656350334990321, 0.6455772600727951, 0.6313204279950051, 0.6341829563943182, 0.629882802437079, 0.6522776803225897, 0.6196845129936068, 0.6282727369938154, 0.6311067726571283, 0.626496535861146, 0.6122343325330508, 0.5461886708636254, 0.5366032707555165, 0.5835124397905412, 0.5653416251462278, 0.5619274651423035, 0.5281856328913656, 0.5295601590571315, 0.5750274444192154, 0.5620813307920433, 0.5582917118715548, 0.5301303139876157, 0.550383714510754, 0.5230802118476805, 0.5570614846709234, 0.5524537540485317, 0.5554452197765352, 0.5123599219132076, 0.5370908380443563, 0.5652757455919448, 0.5536365991079585, 0.5279580256070834, 0.4862873318578074, 0.5086147536396115, 0.5134587728638681, 0.5200931817347269, 0.4821146792747637, 0.4958444788387331, 0.5091917632742788, 0.49369540610795076, 0.48510079874939194, 0.4680593410367726, 0.45691357641500185, 0.47821411527248864, 0.4729977319948375, 0.45167137815760006, 0.4571946730307802, 0.4821318026807901, 0.45239829905794865, 0.44977028717004786, 0.4247918081666919, 0.4530108601504094, 0.43729386602565107, 0.4708626255020113, 0.4181274234286328, 0.45906243257126017, 0.4631440698766223, 0.5051127924947106, 0.521321590044014, 0.5020837533786213, 0.5153740817650523, 0.5227191789023563]
+---+-----------+--------+-------------+-------+
|   | Precision | Recall | Specificity |   F1  |
+---+-----------+--------+-------------+-------+
| 0 |   0.732   | 0.779  |    0.865    | 0.755 |
| 1 |   0.429   | 0.375  |    0.964    |  0.4  |
| 2 |    1.0    |  1.0   |     1.0     |  1.0  |
| 3 |   0.731   |  0.7   |    0.894    | 0.715 |
+---+-----------+--------+-------------+-------+
380 images were used
Best Accuracy of Dent : 77.92207792207792
Best Accuracy of Other : 37.5
Best Accuracy of Rim : 100.0
Best Accuracy of Scratch : 70.0
