Val_acc_history : [0.6158, 0.6345, 0.6423, 0.6427, 0.6622, 0.6493, 0.6673, 0.666, 0.6667, 0.6693, 0.6883, 0.6789, 0.7004, 0.6931, 0.7004, 0.7228, 0.722, 0.7168, 0.7269, 0.7216, 0.7342, 0.7449, 0.7442, 0.7576, 0.7854, 0.7709, 0.7802, 0.7848, 0.8045, 0.802, 0.7944, 0.8098, 0.8229, 0.8206, 0.8342, 0.8482, 0.8516, 0.8524, 0.8616, 0.8682, 0.875, 0.8732, 0.8802, 0.8845, 0.892, 0.8809, 0.8949, 0.8997, 0.9046, 0.8963, 0.9048, 0.9066, 0.9155, 0.914, 0.9197, 0.9331, 0.9394, 0.9305, 0.9331, 0.9398, 0.9467, 0.9372, 0.9487, 0.9607, 0.9688, 0.9589, 0.9673, 0.9665, 0.9804, 0.9648, 0.9691, 0.9788, 0.9891, 0.9721, 0.9828, 0.9882, 1.0, 0.9811]
Val_loss_history : [1.1863445138887447, 0.9462043092705323, 0.8994010131010849, 1.043008570200174, 1.041185430016454, 1.0371259183179666, 1.0944021469895304, 1.1839710861675017, 1.1952996438864383, 1.0810965640892187, 0.9813277085541714, 0.8827318014131368, 0.820126249651186, 0.8089087399846576, 0.7794911517066103, 0.7589901537417985, 0.7774544179535888, 0.7204020984434322, 0.6854527266573013, 0.7249370600949384, 0.7063159739435021, 0.6529379032344339, 0.6512599747567889, 0.6021593920886517, 0.6379693056278827, 0.5763741520651325, 0.602671947033293, 0.5728596017757445, 0.5268459620996203, 0.4759433290758929, 0.4903212022036314, 0.4817020374237725, 0.4480604110479665, 0.39025621318521275, 0.35746728935039895, 0.34663277995825664, 0.35446735868258605, 0.3516003481915978, 0.3606673105965805, 0.3251624815646335, 0.3221324957151854, 0.3322263438155693, 0.28200509629984705, 0.2690743587947929, 0.26401403027279075, 0.2896830301310686, 0.277340867604829, 0.2751935495487128, 0.2540830115655186, 0.27756008685135863, 0.2684383404694203, 0.23384289704178618, 0.22350294811550273, 0.21586112385093298, 0.18828894988715267, 0.1839136728494546, 0.17211402256648536, 0.1530848731227043, 0.11215380918854247, 0.1390984991063218, 0.10955971689058895, 0.10037255312292252, 0.08547388982454625, 0.07301104779957131, 0.062020943488408066, 0.06490890529553181, 0.05948958754831616, 0.056314271490074834, 0.04357982334855193, 0.05043025104653373, 0.05173814576859907, 0.04506812943954072, 0.04429531973223873, 0.03853378437317039, 0.008608882103868674, 0.01370925804567055, 0.0003183837814991953, 0.0002431682405357085]
Test_acc_history : [0.639, 0.6639, 0.668, 0.6598, 0.6929, 0.6929, 0.6846, 0.7095, 0.6971, 0.7178, 0.7178, 0.7303, 0.7303, 0.7344, 0.7344, 0.7344, 0.7386, 0.7137, 0.7261, 0.7178, 0.7386, 0.7261, 0.7469, 0.722, 0.7469, 0.7552, 0.751, 0.7469, 0.7593, 0.751, 0.7676, 0.7386, 0.7178, 0.7427, 0.7676, 0.7552, 0.7676, 0.7801, 0.7593, 0.7635, 0.7801, 0.7593, 0.7676, 0.7718, 0.7427, 0.7718, 0.7427, 0.7801, 0.7884, 0.7718, 0.7801, 0.7676, 0.7842, 0.7759, 0.7801, 0.7676, 0.7884, 0.7759, 0.7884, 0.7759, 0.7925, 0.7718, 0.7842, 0.7884, 0.7635, 0.7718, 0.7801, 0.7635, 0.7593, 0.7676, 0.7884, 0.7925, 0.7718, 0.7635, 0.751, 0.7718, 0.7759, 0.7676]
Test_loss_history : [1.0057255108821441, 0.8833238541832603, 0.83285513204905, 0.9364686627481983, 0.8798004240261321, 0.8893880908729129, 0.9376781371526451, 0.9472935866116241, 1.004142258385838, 0.8671878581611571, 0.8062837421584921, 0.7408779736809216, 0.7730897246740172, 0.7166913671426753, 0.6953220156744061, 0.6621786768072868, 0.6954894567457225, 0.6375413203604241, 0.5795214496305622, 0.5819697162422401, 0.5675536313739555, 0.5541653692784151, 0.5870773145673928, 0.582785965816825, 0.5580298107550228, 0.5110503442013535, 0.49186025540580147, 0.5035964149510279, 0.48909903753595235, 0.5357797052865825, 0.47752862233143006, 0.5086388757135487, 0.5039729535100494, 0.4825946498561759, 0.49204111681996043, 0.4978567928102841, 0.5075105483435033, 0.4395188663726773, 0.479866619503968, 0.45624132188330735, 0.47278992002791265, 0.4790235217061682, 0.45068226520578797, 0.44770930036303447, 0.465215841137236, 0.45028411745793223, 0.47285553195061647, 0.4655572314808508, 0.4555587497476056, 0.470292546220232, 0.4719554547315147, 0.5258925593500624, 0.4796872001515191, 0.5011291355633706, 0.4799895006293794, 0.46861682658922316, 0.4492978154163792, 0.4484563640481116, 0.4270730928838624, 0.4618046738108798, 0.4090345135476456, 0.4845531287668775, 0.45282756211042896, 0.47133854244829876, 0.4532624386904058, 0.4444412339780155, 0.4368248939218533, 0.48996787664144303, 0.4621318482759571, 0.5060813860376984, 0.42130958729064194, 0.4728961958225306, 0.48030818484315874, 0.5093283529907341, 0.5348085712610562, 0.4966821347165725, 0.5096144637496779, 0.5664694684671617]
+---+-----------+--------+-------------+-------+
|   | Precision | Recall | Specificity |   F1  |
+---+-----------+--------+-------------+-------+
| 0 |    0.69   | 0.779  |    0.834    | 0.732 |
| 1 |   0.571   |  0.5   |    0.973    | 0.533 |
| 2 |    1.0    |  1.0   |     1.0     |  1.0  |
| 3 |   0.742   | 0.657  |    0.906    | 0.697 |
+---+-----------+--------+-------------+-------+
320 images were used
Best Accuracy of Dent : 77.92207792207792
Best Accuracy of Other : 50.0
Best Accuracy of Rim : 100.0
Best Accuracy of Scratch : 65.71428571428571
