Val_acc_history : [0.5919, 0.5918, 0.5993, 0.5803, 0.6393, 0.6281, 0.6537, 0.6758, 0.6627, 0.6713, 0.6518, 0.6769, 0.6653, 0.6868, 0.692, 0.693, 0.7004, 0.6885, 0.7203, 0.7038, 0.7297, 0.6925, 0.7258, 0.704, 0.7052, 0.7136, 0.7029, 0.7066, 0.7178, 0.7193, 0.7157, 0.7198, 0.724, 0.7256, 0.7193, 0.7317, 0.728, 0.7214, 0.7175, 0.7249, 0.7267, 0.7227, 0.7305, 0.7295, 0.7284, 0.7335, 0.7357, 0.7379, 0.7368, 0.7458, 0.7619, 0.7509, 0.7359, 0.724, 0.7518, 0.7472, 0.7576, 0.7413, 0.7638, 0.7751, 0.7459, 0.7531, 0.7564, 0.786, 0.7545, 0.7489, 0.7804, 0.7751, 0.7549, 0.7789, 0.7732, 0.7725, 0.8098, 0.7709, 0.7816, 0.7751, 0.7866, 0.7484]
Val_loss_history : [1.1095375808585874, 1.080144991956527, 1.0688074324907881, 1.131329581873854, 1.0089456066133753, 1.0903553197228553, 0.9734185614345907, 0.99646381186852, 1.0672264221597403, 1.0373504063364618, 1.151726260758665, 0.8891002861268681, 0.8875994884066499, 0.8415948347867095, 0.866954574100123, 0.8228925768532225, 0.894269021607811, 0.8632145233164199, 0.8200217143874533, 0.8339308254744335, 0.8739411361307863, 0.8638631693344215, 0.8387815364387556, 0.888461933278051, 0.924249498018191, 0.8797442055371788, 0.881774600473759, 0.9002861216992213, 0.8657029870952858, 0.8663864702045834, 0.9257520017956341, 0.8481408620293905, 0.8093279304642541, 0.8134530501809993, 0.8714130372381744, 0.8086452911479202, 0.832790287095122, 0.8096609321042822, 0.7801725529976147, 0.831770611099664, 0.8397354631641403, 0.8278433898450795, 0.8452646366604967, 0.7855327054971438, 0.8145078608078485, 0.7646781824044533, 0.7775997154097293, 0.7497621190291152, 0.8141048588042491, 0.7684872047146346, 0.711259050373951, 0.7873096189791056, 0.8328760214048293, 0.891199353630037, 0.7623084298798978, 0.7432019379280757, 0.8574668659235943, 0.811005216591693, 0.7817694116878785, 0.8076945738530302, 0.8684207636569092, 0.8303365743520307, 0.8020411701052067, 0.8095655808810909, 0.8209145330485106, 0.8325332094403303, 0.7897099819508703, 0.7724997189038536, 0.8175046716510848, 0.7604617113750615, 0.7208930548453301, 0.6979252434922038, 0.6672851514810211, 0.7132170411709998, 0.6576650087305494, 0.6496146895189786, 0.6953683892483595, 0.7085496673126904]
Test_acc_history : [0.5975, 0.6266, 0.6017, 0.6017, 0.6722, 0.61, 0.6598, 0.6722, 0.6515, 0.6556, 0.6556, 0.6763, 0.6846, 0.6763, 0.7054, 0.6888, 0.7095, 0.6805, 0.7095, 0.6971, 0.7054, 0.7261, 0.7012, 0.7137, 0.7137, 0.7386, 0.7012, 0.7178, 0.7427, 0.7552, 0.7427, 0.7344, 0.7303, 0.7178, 0.722, 0.722, 0.722, 0.7344, 0.722, 0.7303, 0.7386, 0.7303, 0.7635, 0.7427, 0.7552, 0.751, 0.7718, 0.7801, 0.7842, 0.8008, 0.7842, 0.7801, 0.7759, 0.7967, 0.7842, 0.7801, 0.7801, 0.7718, 0.7884, 0.7801, 0.7635, 0.7676, 0.7552, 0.7718, 0.7801, 0.7635, 0.7842, 0.751, 0.7759, 0.7552, 0.7676, 0.7635, 0.7801, 0.7925, 0.7842, 0.7718, 0.7676, 0.8008]
Test_loss_history : [1.1220472714713006, 1.062285181397719, 1.0709940439932575, 1.0893420035413686, 0.9241412390502657, 1.0723111730888177, 0.9537898718816116, 0.8878409919402411, 0.9657391484100294, 0.9351108197849322, 1.0244085307685171, 0.8811179614351499, 0.8491910878507057, 0.8693315407176235, 0.8238953453840309, 0.818923693614011, 0.8062914029629399, 0.8844678137930597, 0.8101845772867381, 0.8271321311971768, 0.8273622606768894, 0.885114959607295, 0.8565378341692427, 0.8575073778010998, 0.877808420938204, 0.8055319563249953, 0.8250510840062284, 0.8187964742817757, 0.8017973921829796, 0.7692161077610313, 0.7891834248862079, 0.7529692776748501, 0.7279555741465685, 0.7666318760624472, 0.7854663926501337, 0.7795691212863348, 0.8028057966133989, 0.8204353459534927, 0.8253352465726342, 0.7468980398972005, 0.7812141091234333, 0.7979574948085542, 0.7515596243131643, 0.753501029205953, 0.7909095284540624, 0.7660070550917837, 0.7628921090443599, 0.7295840283299321, 0.7982178978830637, 0.7349043207946407, 0.8131640254195269, 0.8371074624954726, 0.7629142762103825, 0.7361143020800937, 0.7955680958718, 0.7333114684918794, 0.8217348339136582, 0.7474153464296794, 0.8540328890858102, 0.8150149593593483, 0.852465082443014, 0.804707129559329, 0.8709294237737463, 0.8297361976378191, 0.8256197675707059, 0.7993010642563468, 0.7605954867795388, 0.830390713768876, 0.801222293382642, 0.8573272374547493, 0.7835924035687911, 0.7812631124151383, 0.7708060041927883, 0.7950495740599713, 0.751732466522125, 0.8096156940153989, 0.8315410341862667, 0.7651077846926927]
+---+-----------+--------+-------------+-------+
|   | Precision | Recall | Specificity |   F1  |
+---+-----------+--------+-------------+-------+
| 0 |   0.723   | 0.883  |     0.84    | 0.795 |
| 1 |    0.4    | 0.375  |     0.96    | 0.387 |
| 2 |   0.962   | 0.987  |    0.982    | 0.974 |
| 3 |   0.827   | 0.614  |    0.947    | 0.705 |
+---+-----------+--------+-------------+-------+
265 images were used
Best Accuracy of Dent : 88.31168831168831
Best Accuracy of Other : 37.5
Best Accuracy of Rim : 98.7012987012987
Best Accuracy of Scratch : 61.42857142857143
