340
679
491
608
690
219
550
222
568
687
571
669
743
147
572
31
19
71
178
217
214
304
710
107
775
350
647
644
460
348
240
72
726
419
627
345
126
113
787
712
206
194
416
755
621
707
102
204
545
484
144
75
585
429
123
157
779
322
23
791
164
150
42
542
356
168
673
609
173
105
261
12
767
594
790
98
119
569
97
477
399
347
311
346
255
700
493
625
778
749
137
586
759
483
53
685
452
343
445
45
482
291
425
516
773
59
86
573
495
440
189
297
138
518
160
22
352
701
132
130
533
253
394
192
151
372
303
504
315
784
514
357
423
639
695
50
637
613
54
395
713
441
781
237
316
427
61
62
337
362
418
314
620
359
480
574
529
374
563
703
328
43
15
376
198
720
785
650
582
156
146
235
729
626
444
487
14
651
371
436
333
380
104
249
698
174
442
41
149
506
553
508
748
510
32
559
448
238
417
170
630
768
320
396
629
3
730
469
717
413
360
588
184
1
366
498
296
134
70
338
220
101
218
387
307
185
473
60
797
133
270
524
509
68
762
597
431
472
566
294
567
83
603
190
318
327
176
619
344
765
772
501
79
375
551
771
449
66
243
135
381
91
117
747
494
268
116
67
456
420
332
177
464
616
746
167
670
365
709
474
723
744
81
191
737
458
331
587
267
143
287
576
306
583
95
140
421
100
756
336
531
391
766
364
85
369
635
171
241
663
681
539
94
131
623
500
540
497
622
758
266
745
21
201
513
35
341
159
210
492
446
555
584
548
714
199
741
528
439
415
388
676
488
276
451
793
724
57
708
7
69
349
251
735
231
180
561
607
250
40
232
615
795
121
58
731
725
2
481
522
661
641
335
752
202
277
111
165
437
589
301
534
667
288
368
179
512
16
225
632
139
223
339
761
727
570
459
108
389
699
590
606
382
461
733
284
208
216
693
325
298
169
470
55
283
598
226
293
407
412
578
453
543
93
89
601
463
450
233
145
212
683
505
17
82
30
281
536
489
13
188
166
414
800
668
770
490
129
172
592
187
25
520
326
195
47
384
228
213
602
4
27
754
370
286
9
154
502
162
74
246
309
776
252
617
653
334
435
163
36
511
282
361
